# Tetrahedron method
       -6.8028556989        0.0000000000        0.0000000000        0.0000000000        0.0000000000
       -6.6743921383        0.0000000000        0.0000000000        0.0000000000        0.0000000000
       -6.5459285776        0.0000000000        0.0000000000        0.0000000000        0.0000000000
       -6.4174650169        0.0000000000        0.0000000000        0.0000000000        0.0000000000
       -6.2890014563        0.0000000000        0.0000000000        0.0000000000        0.0000000000
       -6.1605378956        0.0000000000        0.0000000000        0.0000000000        0.0000000000
       -6.0320743349        0.0000000000        0.0000000000        0.0000000000        0.0000000000
       -5.9036107743        0.0000000000        0.0000000000        0.0000000000        0.0000000000
       -5.7751472136        0.0000000000        0.0000000000        0.0000000000        0.0000000000
       -5.6466836530        0.0000000000        0.0000000000        0.0000000000        0.0000000000
       -5.5182200923        0.0000000000        0.0000000000        0.0000000000        0.0000000000
       -5.3897565316        0.0000000000        0.0000000000        0.0000000000        0.0000000000
       -5.2612929710        0.0000000000        0.0000000000        0.0000000000        0.0000000000
       -5.1328294103        0.0000000000        0.0000000000        0.0000000000        0.0000000000
       -5.0043658496        0.0000000000        0.0000000000        0.0000000000        0.0000000000
       -4.8759022890        0.0000000000        0.0000000000        0.0000000000        0.0000000000
       -4.7474387283        0.0000000000        0.0000000000        0.0000000000        0.0000000000
       -4.6189751677        0.0053822986        0.0053800366        0.0121727171        0.0121843739
       -4.4905116070        0.0132255806        0.0132206729        0.0306152665        0.0306662291
       -4.3620480463        0.0222264552        0.0222122572        0.0529746753        0.0531064648
       -4.2335844857        0.0403480254        0.0402603590        0.1001308591        0.0998732411
       -4.1051209250        0.1474653078        0.1475603472        0.3753885490        0.3752670092
       -3.9766573643        0.1611816697        0.1612707472        0.4262062779        0.4263956780
       -3.8481938037        0.2385645519        0.2386132258        0.6719325766        0.6721608837
       -3.7197302430        0.2408132239        0.2410613124        0.6837077649        0.6837176455
       -3.5912666824        0.2851256856        0.2852670728        0.7717733032        0.7725212070
       -3.4628031217        0.1744984648        0.1744043391        0.4958452553        0.4957185186
       -3.3343395610        0.1502996223        0.1502968988        0.4476547411        0.4474393615
       -3.2058760004        0.1199926793        0.1199662979        0.3673243583        0.3671057936
       -3.0774124397        0.1021254708        0.1021291168        0.3190851660        0.3188989658
       -2.9489488790        0.1018800595        0.1019901710        0.3224812467        0.3222951114
       -2.8204853184        0.0656175917        0.0656137010        0.2134353250        0.2134074164
       -2.6920217577        0.0536339030        0.0535282970        0.1846976528        0.1847319862
       -2.5635581971        0.0293695155        0.0293342612        0.0808754629        0.0808738871
       -2.4350946364        0.0231802559        0.0231344135        0.0578190161        0.0578264549
       -2.3066310757        0.1434648961        0.1435857780        0.0495958088        0.0495783229
       -2.1781675151        0.4875975850        0.4872147159        0.0574087362        0.0573787167
       -2.0497039544        1.1448848233        1.1438676431        0.0755380487        0.0756292720
       -1.9212403937        0.6852696031        0.6857253443        0.0552745086        0.0552745955
       -1.7927768331        0.5527087269        0.5525733532        0.0488393411        0.0487369994
       -1.6643132724        0.5459079218        0.5465884528        0.0543762209        0.0543094105
       -1.5358497117        0.4742494276        0.4744303855        0.0597251486        0.0597121318
       -1.4073861511        0.4406610619        0.4410103518        0.0654863036        0.0654749512
       -1.2789225904        0.4278488150        0.4276066064        0.0691668942        0.0692532632
       -1.1504590298        0.7972857498        0.7959898227        0.1189288320        0.1185441801
       -1.0219954691        0.5107189823        0.5095359934        0.0780802528        0.0779046962
       -0.8935319084        0.4110566854        0.4105831877        0.0678077810        0.0677482181
       -0.7650683478        0.1716589905        0.1713488890        0.0438576863        0.0438211794
       -0.6366047871        0.1128926747        0.1130881417        0.0367673325        0.0368094963
       -0.5081412264        0.0736128526        0.0739834783        0.0249369687        0.0250755008
       -0.3796776658        0.0401080209        0.0402523753        0.0105915887        0.0106255647
       -0.2512141051        0.0164688632        0.0165365583        0.0041587244        0.0041694060
       -0.1227505445        0.0012651177        0.0011365429        0.0003118732        0.0002677295
        0.0057130162        0.0000000000        0.0000000000        0.0000000000        0.0000000000
        0.1341765769        0.0000285397        0.0000285401        0.0000069830        0.0000069832
        0.2626401375        0.0003009094        0.0003010099        0.0000734701        0.0000734591
        0.3911036982        0.0008210964        0.0008213588        0.0001998212        0.0001997887
        0.5195672589        0.0016738574        0.0016747120        0.0004055797        0.0004054567
        0.6480308195        0.0026654450        0.0026665324        0.0006417284        0.0006415779
        0.7764943802        0.0038205300        0.0038218938        0.0009130436        0.0009128582
        0.9049579408        0.0052466525        0.0052485913        0.0012434362        0.0012431335
        1.0334215015        0.0069551428        0.0069561148        0.0016327295        0.0016324934
        1.1618850622        0.0088892117        0.0088901178        0.0020647546        0.0020644206
        1.2903486228        0.0111666230        0.0111671199        0.0025631486        0.0025626789
        1.4188121835        0.0138022597        0.0138019717        0.0031274435        0.0031269168
        1.5472757442        0.0168171804        0.0168164899        0.0037577169        0.0037570348
        1.6757393048        0.0203743644        0.0203732821        0.0044829757        0.0044820034
        1.8042028655        0.0245807619        0.0245791176        0.0053184860        0.0053173257
        1.9326664262        0.0297213299        0.0297194088        0.0063150424        0.0063136985
        2.0611299868        0.0350837736        0.0350831886        0.0073174418        0.0073161017
        2.1895935475        0.0441827261        0.0441805678        0.0090023413        0.0090009917
        2.3180571081        0.0557087228        0.0557067956        0.0110663333        0.0110652215
        2.4465206688        0.0753738623        0.0753731128        0.0144869013        0.0144860631
        2.5749842295        0.1002357415        0.1002335576        0.0186712513        0.0186716388
        2.7034477901        0.1200854309        0.1200823504        0.0218592386        0.0218606919
        2.8319113508        0.1263029982        0.1262995940        0.0226744305        0.0226766428
        2.9603749115        0.1326281479        0.1326248902        0.0234610441        0.0234636678
        3.0888384721        0.1407352501        0.1407322768        0.0245050359        0.0245075372
        3.2173020328        0.1504208070        0.1504202119        0.0257571798        0.0257593417
        3.3457655934        0.1628992908        0.1628974097        0.0273535092        0.0273559527
        3.4742291541        0.1757672132        0.1757701597        0.0290056310        0.0290071127
        3.6026927148        0.2097510858        0.2097565825        0.0332946731        0.0332959513
        3.7311562754        0.2198668485        0.2198728979        0.0350451437        0.0350462754
        3.8596198361        0.2025513451        0.2025593893        0.0335710330        0.0335730377
        3.9880833968        0.2046660796        0.2046783082        0.0342336512        0.0342367112
        4.1165469574        0.2239213377        0.2239416523        0.0369834567        0.0369902742
        4.2450105181        0.3503062075        0.3503206807        0.0517620378        0.0517832064
        4.3734740787        0.3528033896        0.3528191383        0.0542585615        0.0542660364
        4.5019376394        0.3336905332        0.3337209351        0.0547928009        0.0547831326
        4.6304012001        0.3193365975        0.3193748347        0.0560747314        0.0560528802
        4.7588647607        0.3044253836        0.3044737488        0.0577715254        0.0577683040
        4.8873283214        0.2982090465        0.2982526202        0.0606968351        0.0606910533
        5.0157918821        0.3017641544        0.3017819502        0.0649096480        0.0648992013
        5.1442554427        0.3124946690        0.3124683628        0.0700884014        0.0700636465
        5.2727190034        0.3336734708        0.3336290195        0.0768127528        0.0768022116
        5.4011825641        0.5331345934        0.5332893296        0.1317668613        0.1316490807
        5.5296461247        0.3852997803        0.3852272413        0.0846676922        0.0846717294
        5.6581096854        0.5314388874        0.5313084018        0.1048541154        0.1048959364
        5.7865732460        0.0485388794        0.0485386194        0.0067680151        0.0067707029
        5.9150368067        0.0000000000        0.0000000000        0.0000000000        0.0000000000
        6.0435003674        0.0000000000        0.0000000000        0.0000000000        0.0000000000
        6.1719639280        0.0000000000        0.0000000000        0.0000000000        0.0000000000
        6.3004274887        0.1640784253        0.1644451222        0.0445389449        0.0445295545
        6.4288910494        0.2602111184        0.2606874958        0.0666084373        0.0666725320
        6.5573546100        0.4073060929        0.4073849723        0.0872013602        0.0870612672
        6.6858181707        0.4979192729        0.4980913586        0.1134889496        0.1135375701
        6.8142817313        0.8076185862        0.8061921482        0.1960680015        0.1961442750
        6.9427452920        0.8453292881        0.8454301714        0.1695697029        0.1694379498
        7.0712088527        1.2284250583        1.2293336011        0.1749695645        0.1747995360
        7.1996724133        1.0191069414        1.0190888856        0.1080079812        0.1079776741
        7.3281359740        0.6368109851        0.6367795795        0.0707068833        0.0707100611
        7.4565995347        0.9420080398        0.9420134000        0.1079253531        0.1079245212
        7.5850630953        0.1107067059        0.1109523943        0.0088072290        0.0088006663
        7.7135266560        0.0000000000        0.0000000000        0.0000000000        0.0000000000
        7.8419902166        0.0000000000        0.0000000000        0.0000000000        0.0000000000
        7.9704537773        0.0000000000        0.0000000000        0.0000000000        0.0000000000
        8.0989173380        0.0000000000        0.0000000000        0.0000000000        0.0000000000
        8.2273808986        0.0000000000        0.0000000000        0.0000000000        0.0000000000
        8.3558444593        0.0000000000        0.0000000000        0.0000000000        0.0000000000
        8.4843080200        0.0000000000        0.0000000000        0.0000000000        0.0000000000
        8.6127715806        0.0000000000        0.0000000000        0.0000000000        0.0000000000
        8.7412351413        0.0000000000        0.0000000000        0.0000000000        0.0000000000
        8.8696987020        0.0000000000        0.0000000000        0.0000000000        0.0000000000
        8.9981622626        0.0000000000        0.0000000000        0.0000000000        0.0000000000
        9.1266258233        0.0000000000        0.0000000000        0.0000000000        0.0000000000
        9.2550893839        0.0000000000        0.0000000000        0.0000000000        0.0000000000
        9.3835529446        0.0000000000        0.0000000000        0.0000000000        0.0000000000
        9.5120165053        0.0000000000        0.0000000000        0.0000000000        0.0000000000
        9.6404800659        0.0000000000        0.0000000000        0.0000000000        0.0000000000
        9.7689436266        0.0000000000        0.0000000000        0.0000000000        0.0000000000
        9.8974071873        0.0000000000        0.0000000000        0.0000000000        0.0000000000
       10.0258707479        0.0000000000        0.0000000000        0.0000000000        0.0000000000
       10.1543343086        0.0000000000        0.0000000000        0.0000000000        0.0000000000
       10.2827978692        0.0000000000        0.0000000000        0.0000000000        0.0000000000
       10.4112614299        0.0000000000        0.0000000000        0.0000000000        0.0000000000
       10.5397249906        0.0000000000        0.0000000000        0.0000000000        0.0000000000
       10.6681885512        0.0000000000        0.0000000000        0.0000000000        0.0000000000
       10.7966521119        0.0000000000        0.0000000000        0.0000000000        0.0000000000
       10.9251156726        0.0000000000        0.0000000000        0.0000000000        0.0000000000
       11.0535792332        0.0000000000        0.0000000000        0.0000000000        0.0000000000
       11.1820427939        0.0002130678        0.0002110421        0.0047700437        0.0047608413
       11.3105063545        0.0004969975        0.0004926630        0.0106853605        0.0106830932
       11.4389699152        0.0008393691        0.0008303289        0.0171235513        0.0171341550
       11.5674334759        0.0013024383        0.0012911152        0.0246445326        0.0246872269
       11.6958970365        0.0020192257        0.0020030670        0.0343838100        0.0344618496
       11.8243605972        0.0051394309        0.0051189461        0.0567383989        0.0568673689
       11.9528241579        0.0087496879        0.0087341680        0.0846327554        0.0846955374
       12.0812877185        0.0131710773        0.0131387137        0.1193190209        0.1194999072
       12.2097512792        0.0196497222        0.0196506452        0.1684439284        0.1684183313
       12.3382148399        0.0249572511        0.0249749562        0.2132413500        0.2131192031
       12.4666784005        0.0284087932        0.0284006878        0.2448642413        0.2449297514
       12.5951419612        0.0325124965        0.0325066733        0.2844715364        0.2847129801
       12.7236055218        0.0380575528        0.0380077230        0.3346342917        0.3349755732
       12.8520690825        0.0416084461        0.0415568720        0.3841097738        0.3844131781
       12.9805326432        0.0481596020        0.0481376591        0.4762183731        0.4764270280
       13.1089962038        0.0529772651        0.0529903718        0.5553323606        0.5552175053
       13.2374597645        0.0546554689        0.0547047458        0.5699730869        0.5696711243
       13.3659233252        0.0563360006        0.0563692152        0.5966046479        0.5964604529
       13.4943868858        0.0607014078        0.0607253519        0.6622756374        0.6622425725
       13.6228504465        0.0695225267        0.0695756210        0.7882143379        0.7875550974
       13.7513140071        0.0655844639        0.0656100166        0.7644653718        0.7642391944
       13.8797775678        0.0516392621        0.0516807874        0.6362269647        0.6352952801
       14.0082411285        0.0293957591        0.0294050608        0.3866748895        0.3871770940
       14.1367046891        0.0186187183        0.0186210673        0.2813807911        0.2820704549
       14.2651682498        0.0177709693        0.0177830568        0.2970753235        0.2978370114
       14.3936318105        0.0184840378        0.0185166066        0.3127161478        0.3135052543
       14.5220953711        0.0187067382        0.0187410526        0.3132700408        0.3135946163
       14.6505589318        0.0232080027        0.0233596394        0.3954570034        0.3981916722
       14.7790224924        0.0247018735        0.0246122094        0.4559718695        0.4547381767
       14.9074860531        0.0238704515        0.0238632155        0.4507519615        0.4505020236
       15.0359496138        0.0245563174        0.0245329863        0.4958827680        0.4955172191
       15.1644131744        0.0276705570        0.0276432896        0.6396137989        0.6392462940
       15.2928767351        0.0304706216        0.0304607261        0.7878921274        0.7876797825
       15.4213402958        0.0217418747        0.0217376765        0.5915792080        0.5914309675
       15.5498038564        0.0204681506        0.0204570182        0.5467697527        0.5465126381
       15.6782674171        0.0227524422        0.0227438828        0.5911063552        0.5908290624
       15.8067309778        0.0165655439        0.0165638945        0.2518939035        0.2517905200
       15.9351945384        0.0142072127        0.0142103926        0.1785186374        0.1785192431
       16.0636580991        0.0102852269        0.0102883583        0.1139874381        0.1140013477
       16.1921216597        0.0076877338        0.0076912423        0.0754670135        0.0755074672
       16.3205852204        0.0064294905        0.0064333886        0.0575452760        0.0576080705
       16.4490487811        0.0053030042        0.0053055793        0.0438238575        0.0438686479
       16.5775123417        0.0042375221        0.0042394519        0.0324445735        0.0324833784
       16.7059759024        0.0027341987        0.0027353397        0.0192698621        0.0192953078
       16.8344394631        0.0000000000        0.0000000000        0.0000000000        0.0000000000
       16.9629030237        0.0000000000        0.0000000000        0.0000000000        0.0000000000
       17.0913665844        0.0000000000        0.0000000000        0.0000000000        0.0000000000
       17.2198301450        0.0000000000        0.0000000000        0.0000000000        0.0000000000
       17.3482937057        0.0000000000        0.0000000000        0.0000000000        0.0000000000
       17.4767572664        0.0000000000        0.0000000000        0.0000000000        0.0000000000
       17.6052208270        0.0000000000        0.0000000000        0.0000000000        0.0000000000
       17.7336843877        0.0000000000        0.0000000000        0.0000000000        0.0000000000
       17.8621479484        0.0000000000        0.0000000000        0.0000000000        0.0000000000
       17.9906115090        0.0000000000        0.0000000000        0.0000000000        0.0000000000
       18.1190750697        0.0000000000        0.0000000000        0.0000000000        0.0000000000
       18.2475386303        0.0000000000        0.0000000000        0.0000000000        0.0000000000
       18.3760021910        0.0000000000        0.0000000000        0.0000000000        0.0000000000
       18.5044657517        0.0000000000        0.0000000000        0.0000000000        0.0000000000
       18.6329293123        0.0000000000        0.0000000000        0.0000000000        0.0000000000
       18.7613928730        0.0000000000        0.0000000000        0.0000000000        0.0000000000
       18.8898564337        0.0000000000        0.0000000000        0.0000000000        0.0000000000
